0	0
0	0
0	0
0	0
0	0
0	0
0	0
0	0
0	0
0	0
0	0
0	0
0	0
0	0
0	0
1	0
1	0
0	0
0	0
0	0
0	0
0	0
0	0
0	0
0	0
0	0
0	0
0	0
95	0.0012591854875800728
125	0.002879717633862642
51	5.681712054476209E-5
77	9.817815634738306E-5
87	0.0011945423360324645
2	0
2	0
1	0
13	5.603027922672633E-4
6	2.2787095156830993E-5
2	0
3	1.302797530291665E-5
126	0.001709518319511528
117	0.0019287764378440337
1	0
4	5.001877172109702E-6
140	0.0027403482424239807
1	0
46	0
1	0
58	2.0445837478573898E-4
61	2.5298426855339555E-4
15	0
112	0.002860552903735262
6	6.282614735937484E-8
55	7.815226914170841E-4
4	0
7	4.207689018934477E-6
9	0
34	7.519791333722917E-4
1	0
10	3.5393812053253774E-5
3	8.077647517633909E-8
13	2.2720493695885286E-5
6	0
12	1.7942342204140553E-6
6	1.737268439308756E-5
24	1.023549546599422E-4
5	1.356393840240092E-5
51	9.594082923446457E-4
17	5.111218200601796E-4
2	0
19	0
30	0
1	0
1	0
4	5.1909580621364424E-5
11	1.8530367853821846E-5
20	3.6410331752894564E-4
12	5.917644647893452E-6
35	1.2248244695051519E-5
33	5.389078323008605E-4
14	5.9773596206107E-5
18	0
15	4.1953173588082336E-7
1	0
5	1.0974119943333281E-5
12	6.519359448542447E-5
5	2.9035090869918485E-5
3	8.077647517633909E-8
11	5.017401563122593E-6
7	2.9993074532738286E-7
13	4.436298541543106E-6
6	0
6	6.255120315567324E-7
13	0
8	7.687854400679978E-6
1	0
31	0
14	3.2727816534925646E-5
22	4.967024048726589E-6
9	0
14	3.81859639030452E-4
154	0.005994189667002156
5	0
13	7.161508189817342E-5
50	9.540440029139692E-5
2	0
1	0
3	8.11402217400547E-5
2	0
8	0
2	0
1	0
1	0
10	1.4390612691152856E-5
2	0
14	6.159288247479281E-6
9	1.424615818848607E-4
1	0
10	3.905298820282888E-5
12	0
28	1.0176028303691694E-4
4	1.5643278012950912E-7
43	3.0217777077532685E-4
1	0
2	0
43	5.978429527476008E-4
37	8.873350824435705E-5
1	0
5	3.0009964534696733E-6
22	2.2505692380016165E-4
3	0
2	0
2	0
5	0
1	0
3	0
4	6.722255745419726E-6
8	2.2897905837046153E-6
10	6.5668797071784105E-6
21	1.3320829312896062E-5
4	6.044502621746212E-6
52	9.429522445331763E-4
6	0
6	7.238710079560145E-5
4	0
28	4.725975966832093E-4
7	0
24	8.433524260207948E-5
35	4.836407237408975E-4
2	0
3	0
145	0.0035867397110742
2	0
18	0
1	0
18	1.5332225159591438E-4
6	5.78835273540746E-6
21	1.2105130886804487E-4
7	0
5	1.6546055727894478E-5
8	3.6507502300012103E-6
7	1.6415770676789907E-5
9	4.87001255947822E-5
1	0
7	2.6363068697185786E-5
2	0
2	0
6	2.142374486499664E-5
17	5.050635127199432E-5
32	1.0639281455210138E-4
5	9.458025711185719E-7
4	1.248054575922682E-6
15	1.3835231311772267E-4
6	0
32	1.2278916274055529E-5
42	3.0583540125786316E-4
7	0
3	1.6404568296634805E-6
2	1.0407234104872534E-6
40	5.59350534248099E-4
3	9.340838075963279E-8
25	2.6205202128026846E-6
2	2.759862901858252E-7
3	3.6818840825346583E-8
6	1.018612133219841E-4
29	2.3251628329809014E-4
20	2.644415279927006E-4
24	3.020888609519334E-4
2	0
24	9.944164093616474E-5
5	6.399827991065788E-6
15	0
17	3.28009838000995E-4
2	5.3850983450892726E-8
1	0
3	0
4	1.3391928598273922E-5
47	2.3437319874179E-4
10	8.575118457570143E-5
1	0
2	0
1	0
4	0
12	3.5789114820394744E-6
4	0
7	5.494005106803258E-6
64	0.0010401042958724485
6	1.5209342063416238E-6
3	0
1	0
34	2.1274338653459163E-4
2	0
1	0
6	0
8	1.1523652931574633E-5
10	3.806410744966862E-5
9	1.2584597713481293E-5
2	8.229321959658743E-7
16	1.0781813182685009E-4
24	1.8477737966073385E-4
44	9.407339196203467E-4
20	1.7920247545263828E-4
3	2.915183303996824E-6
12	2.2714054180082478E-5
4	3.352493225238138E-6
13	5.557536480088903E-5
15	4.330364252371533E-5
19	9.765185751886038E-5
1	0
3	0
41	9.148484616373963E-4
9	9.629013942017205E-6
9	1.5924718453834029E-4
15	5.721567732219945E-4
1	0
5	5.702750117744313E-5
1	0
2	0
2	1.6155295035267818E-7
14	1.2485472133416287E-4
9	0
3	0
1	0
30	5.451896572806766E-4
6	4.149007357756833E-5
8	3.904386286838178E-5
3	6.727153449517534E-7
6	8.794190745147695E-6
46	6.031931842000412E-5
17	2.2740932974128953E-4
4	0
6	1.5669139751255688E-5
3	0
12	1.5842468804329177E-4
12	1.3529086808202135E-4
3	0
1	0
7	6.028140607693551E-8
2	0
6	3.0816853556912966E-5
2	0
2	0
1	0
3	4.9112096907214167E-5
3	2.2683853332474614E-7
5	1.7308118194384384E-6
20	3.189842591067529E-5
60	4.4724131962509996E-4
11	1.5988297611485949E-4
6	2.11809536058421E-6
9	8.159041846885328E-5
10	1.351412282953466E-4
22	3.460602694577554E-5
19	8.52701073880429E-5
2	0
1	0
1	0
45	9.330342905226728E-5
61	1.1918525037930338E-5
2	3.1228632749997608E-6
7	3.4678731819805777E-6
7	1.961822710124838E-5
1	0
31	9.02399103034323E-5
19	0
10	1.9987980833379113E-4
4	0
7	1.9688914027756147E-5
2	0
14	1.2498066032677748E-4
3	1.6155295035267818E-7
13	6.6721168521806E-4
7	0
20	1.2456363841930923E-4
1	0
3	0
6	0
2	0
6	0
47	2.768705161223093E-6
34	2.594346133981178E-4
5	2.3092725538998466E-6
10	1.496617953062465E-4
9	8.752410019227275E-7
4	3.9334118689217E-7
2	1.2116471276450865E-7
2	0
2	0
16	4.823130235725855E-6
6	8.596844790996465E-7
3	2.8360901934456483E-6
1	0
3	0
20	6.779446081812476E-5
13	3.973828429550227E-5
5	4.146307935527184E-6
4	1.4335547102352036E-5
64	1.3827588840839032E-4
3	1.262231632039905E-6
1	0
54	9.807992240039704E-4
5	1.6109758613890201E-6
35	0
15	1.4440880152197026E-5
10	1.400000357919853E-5
91	9.999853847328423E-5
1	0
50	7.001782446081656E-5
52	2.581907945909424E-4
17	3.139187280329494E-4
14	1.848611939482705E-6
55	3.2755578998277753E-4
37	5.038776113567985E-4
2	3.3889951160805656E-5
58	2.643878808710432E-4
36	1.2395066998457339E-4
28	4.318865090171644E-5
3	0
4	1.037270243434562E-4
31	8.518420694127812E-5
15	1.8135349645053973E-5
1	0
43	0
1	0
6	0
2	0
1	0
2	1.9790236418203077E-5
9	0
61	0.0011008424902867757
5	7.986678299666328E-7
37	0.0011547984516848602
1	0
69	3.040553725642918E-4
4	5.3745769606261475E-6
6	4.260615655265916E-5
2	0
31	1.6902566872457924E-4
1	0
19	6.452687448733937E-5
6	0
45	7.697466052015565E-5
5	2.838544905778899E-7
6	1.7589862517047625E-4
7	5.632580365558695E-5
1	0
3	0
9	7.167466887651672E-5
34	7.6239906517529E-7
31	1.3796190130950525E-4
26	0
6	2.8228610017522845E-5
16	2.428278134580982E-6
1	0
33	1.7200657430134236E-5
22	4.10955930332167E-6
51	2.1813608047748483E-5
68	4.3200146673277775E-4
23	0
2	0
13	8.933058630845299E-5
52	4.55537932185282E-4
2	1.3111043061159217E-6
1	0
7	2.3390971776136385E-6
38	1.4570317019320645E-5
13	1.4633872782422745E-5
28	3.9554319808116934E-5
3	1.6020667576640585E-7
10	0
138	0.0011844598690302966
14	9.424128976815202E-6
3	5.011400660696459E-7
6	2.3212553928299562E-5
1	0
17	1.2153468583795874E-5
3	8.719784507344399E-7
20	6.478356311062293E-6
29	5.252339138186687E-5
17	8.412669644852586E-7
6	3.6818399571649872E-6
2	0
7	1.3160270062175597E-6
26	7.120288692380954E-5
2	0
2	0
2	0
10	6.648678880448718E-6
2	0
7	0
2	0
42	4.3902153908692977E-4
52	4.541084585867574E-4
167	0.0035718977537854643
34	2.9308078009019495E-4
2	3.1493040783432875E-6
98	0.0010590978358302535
32	2.283712164810666E-6
2	0
13	1.6735496288687634E-4
1	0
18	1.9341368718560944E-4
6	0
4	0
3	0
2	0
16	0
8	0
26	4.124807736828789E-5
1	0
15	6.234483652769869E-5
7	4.686727983921948E-6
8	2.845735645130788E-5
27	1.587246811807538E-5
4	7.852357674456844E-7
6	3.411440329012043E-5
2	4.947443298711381E-6
37	6.971102869118036E-5
5	2.1756831789221546E-5
26	0
1	0
5	1.078215008271424E-6
47	4.4819608837499904E-4
1	0
55	9.122164511480705E-4
75	7.443370710301093E-4
73	0.001256196356079904
53	5.872938085274183E-4
8	9.098085872735262E-6
1	0
36	3.0364543468972827E-5
32	9.36902096920139E-7
3	2.959856262638872E-6
39	2.6129852586310718E-5
20	9.808932922188352E-5
19	3.6853107658929366E-5
16	2.5428155585302557E-5
9	6.552738800818176E-5
8	9.254344679118289E-5
2	0
32	2.764178641042938E-4
1	0
20	0
4	0
29	1.4083597698674735E-4
27	2.998610056985912E-6
20	2.0862282686632608E-5
4	0
3	0
11	3.974187852046393E-5
25	1.714960951051291E-4
19	2.545821864344592E-5
36	8.995506052693774E-5
39	3.332839068272929E-5
3	0
17	0
27	1.515650203671865E-5
1	0
16	3.232442111346087E-5
1	0
1	0
35	1.97049042965062E-4
4	8.516578944138014E-6
29	7.615138014975851E-5
18	2.2140772896262255E-5
2	9.765069064271894E-7
2	0
6	9.013948044570499E-5
2	0
1	0
135	0.0021954351957094095
1	0
2	0
8	2.657672796257686E-6
5	3.805758999417626E-7
4	1.0032387191814472E-5
71	3.3603522948689747E-4
4	4.653347772737322E-6
2	0
49	0.0010497114713399122
9	2.245353756972454E-5
1	0
1	0
3	2.5863054408841626E-6
2	2.648043118657871E-7
3	5.782886552267189E-6
13	6.555028705441357E-5
3	3.26105625903272E-7
37	1.9886448924856767E-4
8	6.727991768302094E-5
13	1.8979096361759372E-4
16	7.430487507420716E-6
7	0
17	1.9587726521582926E-5
47	4.302914109573831E-4
2	0
1	0
1	0
2	0
25	1.3744869698679456E-5
33	4.3114688331231943E-4
3	6.2588185726268714E-6
6	0
63	0.0014532878416193696
2	7.051843417602635E-7
2	0
4	7.087743335654308E-5
10	0
1	0
5	5.430644617134062E-6
2	7.058016865879232E-6
1	0
1	0
3	0
3	1.8857802775427825E-6
19	3.113106032358334E-4
3	2.3342380997765194E-4
1	0
2	0
2	4.5134753143390394E-8
26	1.9718006911573379E-4
8	3.2586608523344456E-5
19	4.69452400284888E-5
8	2.389689094222003E-5
11	7.770666647115256E-5
16	1.1838013581257045E-4
33	3.986913582608016E-4
3	1.4945227915750191E-6
7	1.2815370155683962E-5
1	0
3	0
2	0
2	1.9527192657477826E-6
3	8.527159411218955E-7
7	2.9810365838887045E-8
4	8.578736388772254E-5
2	8.242497466973377E-8
1	0
1	0
4	0
1	0
31	1.0953913648561821E-4
5	1.7610109917299782E-5
16	1.431703196316141E-4
24	2.1711123680728656E-4
5	1.3859453540889754E-6
7	2.2404263414538955E-5
29	5.707698378800139E-5
5	0
11	0
29	2.4113185586743303E-4
4	0
9	1.7995081957611375E-5
4	3.9363457999920794E-5
6	0
12	5.76607727784213E-6
8	8.758991121782823E-6
12	5.153806612850617E-5
17	1.6854982323595666E-4
9	1.4331280150928191E-5
174	1.647863620822919E-4
5	7.0182217119961926E-6
139	8.661108735658708E-5
168	8.837133803223297E-5
175	5.021608317281807E-4
1	0
39	2.11272819336544E-4
32	4.311094766643302E-4
139	1.1821747143424208E-4
158	2.974132342210217E-4
169	1.3292932834283992E-4
36	1.2141454472528666E-4
4	0
4	7.334877716764059E-5
173	5.72783232746301E-5
191	4.057383846409628E-4
170	0.0013549960422410817
184	4.260424504512887E-4
1	0
4	0
149	3.1655130487960386E-4
1	0
138	6.369800449995307E-6
12	2.6467202889762634E-5
166	2.0421313511796965E-4
196	1.4502908482400356E-4
5	0
229	7.583108291412112E-4
199	1.9729429596927292E-4
158	2.9820854579879554E-5
1	0
160	6.56726096483209E-4
77	4.121291602384126E-7
2	0
149	1.2570906073616973E-4
1	0
1	0
153	2.906979427547785E-4
138	7.964572512474741E-5
2	0
6	0
20	1.127669842426735E-4
187	0.0014705973686721663
2	0
158	8.73609875428682E-5
188	6.417395178319429E-5
4	1.1308706524687472E-5
12	1.7409291029402135E-5
2	0
17	8.40039316550582E-5
8	0
95	0.0014959530085956367
6	8.32985390257732E-6
2	0
1	0
42	4.319811022101271E-4
9	0
2	0
1	0
36	2.8104661812102335E-4
1	0
5	3.711675155975297E-5
4	0
50	8.148800736294375E-4
10	1.7891621514852686E-4
5	2.098974317530184E-6
4	2.514628565995441E-5
1	0
2	0
25	4.483422931346307E-4
61	2.4679030907444663E-4
190	5.658436857923784E-4
144	1.1633821506426488E-6
163	6.27235481728498E-5
3	0
23	1.4792619249186077E-4
1	0
6	1.6328769996913557E-5
11	4.610108602725748E-6
16	3.5905014256505256E-4
1	0
1	0
5	4.173475920429244E-6
22	8.457626967879807E-6
4	0
3	0
15	1.4111206409565658E-4
5	0
1	0
1	0
9	1.668625136119123E-5
35	2.1324487188288343E-4
8	1.0971063586519278E-4
17	1.037581658634616E-4
3	1.2431791874949499E-5
31	7.86750794164502E-5
102	1.974401158363355E-5
1	0
17	3.1149572156205467E-5
99	0
107	1.4699914649011643E-4
99	0
99	0
1	0
152	4.3484122395968765E-4
107	5.111181906062399E-6
117	9.728029733349084E-6
54	0
99	0
24	1.0929379330887782E-4
2	2.642343694818008E-6
67	7.721349300408964E-5
116	5.082255004803922E-5
119	1.2156032807235618E-4
31	1.6139342469046314E-6
115	6.170196347409003E-5
7	5.590539055968792E-7
54	0
40	5.655526727377285E-5
2	3.1246135630989653E-5
11	1.2586244245436696E-6
10	0
99	0
14	2.517655345613291E-4
120	1.0539919250134531E-4
116	1.3147208891520922E-5
3	8.496642551642374E-7
115	1.991736760804267E-5
24	3.064798858276421E-5
125	6.093084749466464E-5
39	2.9415615490415106E-5
107	7.133486195933228E-5
65	3.909523876456264E-5
123	2.4186276464275506E-4
116	4.845859469556949E-5
185	6.678546667495005E-4
22	8.518513053181037E-7
142	2.4287230538593062E-4
156	4.971952279883399E-4
180	3.2210750146124815E-4
148	7.196524584657122E-4
1	0
140	1.3652873014823077E-4
3	0
139	1.531993183885798E-4
157	1.292992782586073E-4
166	1.5816502021606853E-7
80	7.900446291159801E-5
31	3.0257908839380084E-7
75	3.0086888410175724E-7
136	7.513510050413879E-7
31	1.8023375042520603E-7
223	0.0012214128312446706
1	0
23	1.2602584354513099E-5
138	5.109306570050549E-6
155	1.9125741082175695E-5
2	0
137	1.342638742372488E-6
146	3.566256900015805E-4
1	0
146	1.8699081301153166E-4
194	2.904721693605289E-4
2	0
1	0
114	8.096189073988342E-6
118	3.6059150870537344E-5
114	0.0014130394784022105
17	2.8847872003678985E-5
2	1.37965110787215E-5
175	4.372309867456798E-4
144	1.645112638496142E-4
163	3.058484051059669E-5
159	1.4843425632199246E-4
169	2.1392969708559733E-4
14	0
148	9.44913815414968E-6
6	5.443342980315318E-6
197	8.113043501046898E-5
67	1.0185347455827996E-5
2	0
10	5.061013370404355E-5
148	2.1488604390624362E-4
18	1.4699272205358392E-4
1	0
170	1.7508955732411862E-4
1	0
147	2.9211190416588345E-4
25	1.0748139011598301E-4
156	8.258486392044889E-6
136	1.979079731245096E-6
167	9.870706959946134E-5
3	0
126	8.874270024542649E-5
8	1.888360642611918E-5
168	4.818206156030097E-4
13	0
215	4.766895852170429E-4
7	1.0732792587506158E-5
166	2.7487419002924336E-4
16	5.885342483266075E-6
140	1.858041348130914E-4
8	0
147	2.3141429992182242E-5
122	4.630774169796447E-4
139	4.053922762002593E-5
109	2.810478971029855E-4
2	0
178	4.3849394526842216E-4
2	3.7976778713857595E-8
114	5.121329214831215E-7
2	0
12	0
132	1.556990890804387E-4
114	5.121329214831215E-7
3	0
108	4.904862666350606E-6
12	5.4970716078536435E-6
115	9.215591615623662E-6
2	0
136	5.004498976745503E-4
2	0
100	2.6668346441168714E-6
7	2.5760468825897285E-7
118	1.601151467121858E-4
153	2.3009398256730867E-4
4	1.876929391374699E-6
13	8.053495191951213E-5
1	0
7	7.338962091088906E-7
19	4.305388522624038E-5
100	4.294038247006296E-6
106	7.885771354564863E-5
161	2.802881442991715E-5
1	0
145	8.346331847774118E-5
141	2.4354785672534705E-5
147	1.5687196226611664E-4
4	0
146	4.982068811747278E-4
3	0
182	1.2731507738144806E-4
3	0
2	0
153	3.657927324796954E-4
1	0
156	5.612223043660088E-6
53	5.419634647464691E-4
105	1.8164476422908741E-4
2	0
2	2.233591927224528E-7
177	6.685949054160828E-4
1	0
168	9.087346610390895E-4
168	2.9685022464091495E-4
138	9.194399103214466E-6
7	1.1751883671128324E-6
2	0
147	6.751823728778262E-5
1	0
147	1.0797630192237298E-4
6	8.483669564920847E-5
1	0
25	9.12933926494244E-6
12	1.579527635419124E-5
42	6.608103040318087E-4
1	0
8	9.526448952073794E-5
5	2.1110617662474213E-6
2	0
12	9.975894684277877E-5
1	0
12	4.931674078461203E-5
4	0
2	0
52	3.051997139642572E-4
2	0
52	9.209166973239179E-4
8	4.137277910477782E-7
54	3.2809549545605426E-4
19	2.4758842527930605E-4
7	0
6	0
1	0
7	2.2269431334749114E-5
4	0
5	0
5	4.751703714564114E-6
1	0
3	4.513979495148361E-8
1	0
3	0
41	7.66243624006442E-6
1	0
6	4.305608778305211E-4
39	4.2352144007912844E-5
3	6.581147031269652E-6
33	1.8450634075926816E-5
9	6.265523915094121E-5
1	0
5	6.965472298896279E-4
2	3.452466591169047E-6
1	0
49	3.1218402768963335E-5
1	0
23	1.5242280441884344E-5
48	4.334671484675637E-4
2	3.452466591169047E-6
1	0
3	2.621639855786858E-5
1	0
2	3.452466591169047E-6
1	0
5	1.0791311405562591E-4
31	0
45	5.513261943431386E-5
3	3.596014923785363E-6
36	9.52112339277475E-6
3	9.284751439151293E-5
1	0
7	2.1949664665681214E-5
17	3.623915235285314E-5
3	1.6209131046533092E-5
2	0
2	1.435483326163162E-7
11	4.210746015226863E-5
2	2.1363955639228666E-6
1	0
48	4.288357163518147E-5
4	2.351057101894192E-4
2	1.435483326163162E-7
2	1.435483326163162E-7
1	0
3	3.596014923785363E-6
1	0
1	0
1	0
1	0
1	0
1	0
1	0
5	4.487387015966447E-5
1	0
8	1.4794493896728205E-4
17	8.947295336363874E-6
7	1.474374926402209E-4
3	1.086604919662331E-6
2	0
2	4.1074837627168425E-6
28	2.8983395107590454E-5
1	0
2	1.435483326163162E-7
6	1.9674975991896996E-5
2	0
1	0
2	1.435483326163162E-7
4	5.288605781379005E-6
6	1.5632215732938178E-4
3	3.596014923785363E-6
3	3.596014923785363E-6
3	0
1	0
2	2.807602388635237E-6
3	0
3	1.069310256472458E-5
52	0.0011103990690826163
3	3.596014923785363E-6
6	0
4	3.1457005591337533E-5
8	1.376128996976694E-5
3	0
2	0
4	5.9060274173539375E-6
2	1.435483326163162E-7
1	0
4	0
2	0
5	0
76	0.0018649003451310174
4	6.995721790091304E-6
7	1.4684088684888655E-6
8	9.467002890666942E-5
2	0
1	0
6	4.3547711561376974E-5
1	0
14	2.4853716440009157E-5
10	6.413922388549676E-5
3	8.327660293984828E-5
5	0
97	1.3890708899871746E-5
10	7.301613751216118E-6
1	0
1	0
6	2.4850823167709805E-5
5	3.4131744001194355E-5
60	0.0018192462954358328
4	0
1	0
1	0
2	0
7	1.2023584366577208E-4
6	1.530713673701392E-5
5	5.288605781379005E-6
4	1.2043872672013764E-4
100	0.0014219721210740896
1	0
3	0
44	1.0915325599169813E-5
10	7.488821194565683E-5
1	0
4	7.072355537166892E-6
16	2.1042662071920863E-5
2	1.2924236028214253E-5
5	1.2041485269792505E-4
8	2.942744078183947E-6
1	0
2	0
4	6.163232789925646E-6
27	3.235428593713529E-4
5	2.5013609562047826E-5
3	0
3	0
6	5.690148455943405E-5
5	1.3696611037532342E-5
3	3.1889503686370347E-6
1	0
1	0
3	0
1	0
3	4.096040428733528E-6
40	4.3992779940455915E-4
9	3.37441067767126E-5
9	2.3142427361954876E-5
13	4.458394025109596E-4
110	0.0028615974813818454
6	1.2743869091715707E-4
7	3.543613424793423E-5
12	1.6807576399633056E-4
18	9.548227083420727E-5
5	6.942669205815851E-5
5	0
5	1.1716493452956506E-5
155	0.0032190649797257274
5	0
25	9.538306863271773E-5
2	0
2	4.12566586674463E-7
14	2.6569108578627517E-5
46	4.078798349642203E-4
4	0
9	0
9	6.56039112985231E-5
32	4.4448770066021417E-7
12	6.143422287737745E-7
63	5.9155520280832E-4
27	1.86895113244826E-4
13	4.696579516606973E-6
9	0
7	1.273636981362798E-4
2	0
48	0
7	0
32	5.183240407328379E-5
2	0
2	0
4	0
6	0
22	1.82193239636462E-4
1	0
6	6.108500737089915E-6
4	0
22	1.1860598470889287E-4
2	5.960394376306473E-7
1	0
1	0
2	0
5	8.414565910756395E-6
2	0
23	0
3	3.2793866296447615E-6
3	1.975834443158935E-6
19	5.017722233706695E-5
4	1.575241646061273E-6
3	0
22	1.4036632295764442E-5
52	3.7651931067451554E-4
6	9.554762902162275E-5
17	1.1581902976665376E-5
2	0
8	5.371635599226549E-5
4	6.058235638225431E-7
19	1.9445650434426258E-4
11	1.712775954353835E-4
17	2.5361400496030518E-5
5	1.2342407018162976E-4
2	0
12	3.643607772671498E-5
51	2.3962895646280794E-4
3	0
88	1.433241375913188E-4
90	0.0014327976899182176
13	5.243398397612033E-6
100	0.0010990004892115263
2	0
201	0.0010488475008348943
7	7.496588169069275E-7
8	4.071158304596936E-5
4	3.234555824160765E-8
2	0
2	0
7	1.402774073011154E-4
14	0
152	3.5053600189539067E-4
2	3.226090612747082E-6
12	4.801176909187855E-5
14	1.7124729312775085E-4
95	1.7767157114489552E-4
2	0
42	2.574364076369934E-4
12	1.871282300454757E-4
3	0
3	1.0948867848554607E-6
3	0
13	3.57268167845123E-4
4	6.2439642962057154E-6
55	1.748002922815977E-4
1	0
27	5.380825737262789E-4
3	3.3470844550450144E-6
42	4.6979154398250287E-4
10	1.608794942835926E-5
59	5.022122002351848E-4
48	2.1185118389098343E-4
42	8.77157320502859E-5
8	2.462532815661878E-6
21	9.480816271722788E-5
1	0
1	0
3	1.8249312792697198E-6
1	0
1	0
36	5.472289779586726E-5
1	0
22	2.8001312442154118E-5
10	1.620075438375535E-4
18	5.402836202140872E-6
1	0
33	3.043755437919838E-4
1	0
32	3.1997748235485125E-5
7	9.193854466902254E-7
1	0
12	0
51	1.5376314165332553E-4
4	0
14	2.0349285487201277E-4
33	9.579603716630335E-6
32	1.801389005454072E-5
4	0
10	1.0192727428538763E-6
4	1.8677005265363988E-6
124	1.4707001510739977E-4
3	0
2	1.0558030278539344E-5
7	0
15	2.3073794434959633E-4
8	4.3403331899164074E-5
63	5.001488345447632E-4
14	9.118187654083995E-5
8	1.3753017565117458E-5
3	0
59	1.865241075874629E-4
13	2.2875364463563056E-5
19	4.630566438611976E-5
8	1.2973821600689974E-5
1	0
11	8.56066518259648E-6
4	1.822561474372863E-5
29	1.7113801946471723E-4
9	1.6674197276738548E-5
2	0
9	3.219742450916652E-6
14	9.532897322969875E-6
11	1.4493066159269059E-5
2	0
7	1.658677370185745E-5
2	0
3	3.927508330432052E-6
1	0
2	0
1	0
1	0
6	0
8	0
1	0
2	0
4	5.921846924509205E-5
6	2.3164053307842953E-5
2	0
12	9.59455120614945E-6
12	0
20	2.5847672820065505E-5
12	2.7557858574009516E-4
8	0
5	0
5	0
6	2.979433002646228E-6
4	0
5	0
5	0
5	6.389342970440257E-6
6	1.7248529614975528E-6
2	0
60	7.731660395938486E-4
61	8.213362872991329E-4
40	1.1208123882193696E-4
2	0
2	0
9	5.050546627055826E-6
2	0
33	1.489196327159389E-4
5	4.0839154294347244E-5
31	1.4624549776038744E-4
1	0
62	1.4625949158407465E-4
12	0
13	6.535882016421495E-5
2	0
14	1.2062037352027713E-4
6	1.5427525653032436E-6
17	2.2040106183650437E-5
9	8.956137438763186E-5
10	2.9827998189993156E-7
28	4.9274815568335966E-5
1	0
4	4.6087358919545907E-7
3	2.8829508640317214E-7
1	0
16	4.991582210969656E-4
8	1.2507608067308401E-5
6	0
21	2.51580359109249E-4
1	0
102	2.2932197548857884E-5
11	0
26	1.7199537243528664E-4
15	2.1728435466948575E-5
2	0
14	3.966890933053362E-5
1	0
3	0
13	1.1965143163184292E-4
1	0
4	1.72585351674676E-8
3	0
1	0
42	6.458662658638963E-4
34	3.9971330748672955E-4
3	2.3559805259765561E-7
3	5.366186392567828E-6
3	0
1	0
5	4.742011724969689E-7
20	2.7253784628437162E-5
11	5.6671285452303345E-6
61	1.6747903323216686E-4
2	8.077647517633908E-7
4	0
7	7.830703284964604E-6
186	2.5286734754279434E-4
15	2.775688453969356E-4
2	0
9	3.040615912915445E-5
25	6.654437957104978E-5
6	2.5385404804343536E-6
21	3.730360416304182E-5
42	5.709127600419984E-5
5	5.363638870064151E-6
3	7.596330837760994E-9
2	0
110	6.72274681285515E-5
2	0
9	2.5416442677350528E-5
6	4.058825754497635E-5
3	1.3735030673396E-7
2	1.2399803901512055E-6
4	0
5	1.007634046902398E-6
10	1.623409842661874E-5
36	2.445200619924194E-4
8	3.6857333697143204E-5
23	2.7157790665950383E-4
7	9.29307917809517E-5
85	0.0011363613914048333
1	0
138	2.4230277512220406E-4
4	0
10	4.814746635652855E-7
29	4.34521097094185E-4
7	1.466631914791924E-5
9	8.496947154434657E-6
8	8.499589889037061E-7
49	1.2684057056254995E-4
60	1.200224380796545E-5
29	1.5785183890897763E-4
107	0.0027395514800264333
10	4.095081491458774E-6
11	8.252569122078188E-6
2	0
1	0
111	4.292656860674534E-4
5	1.426689291063839E-5
30	1.134229244745898E-4
16	0
163	5.48031300349635E-4
9	4.130498623310802E-6
5	1.1311445650568122E-6
129	0.0030792270907084207
5	3.056043310838162E-6
15	1.0988551918488139E-4
5	6.044772892362709E-6
51	0.0017839056180135992
15	0
1	0
3	1.4083002606613818E-6
12	2.184609866193809E-5
53	3.983712339749813E-4
61	1.6358297767326866E-4
4	0
7	9.2234686087753E-6
60	5.318516851568988E-4
4	0
2	0
22	1.3962510127971974E-4
1	0
23	1.5713187954645888E-4
104	8.193308628735973E-4
7	0
29	5.714658591835784E-6
25	1.689923554625288E-4
14	2.5359184401605925E-4
41	0.001069813178784851
79	3.478044078704714E-4
21	1.3895455881166277E-4
41	3.391436830205612E-4
175	1.5437002780313488E-4
24	2.6051950605626115E-4
31	1.373034975239478E-4
73	3.7093339464898997E-4
4	9.693177021160692E-7
16	1.4493069943193512E-4
24	6.647009925105166E-5
14	2.931755057614125E-4
7	2.2590314191054734E-6
42	3.147882309562371E-4
3	0
38	9.828616208156935E-6
92	5.70567389670436E-4
6	5.265321603381454E-7
98	0.0014474644819387852
130	9.312245231357042E-5
15	3.85056889841943E-5
4	4.631699827794757E-7
3	0
35	1.4895108479766024E-4
1	0
6	1.4379876446166082E-4
1	0
1	0
2	0
23	0
3	4.842663467385095E-8
2	5.115392329340531E-7
5	5.333439908163115E-7
4	0
2	3.2310590070535635E-7
7	4.3107731243412404E-7
11	0
4	1.293490624396634E-5
2	1.7165000974972057E-7
33	7.341408891301521E-4
4	1.0884649322957156E-7
14	2.347177700576777E-5
10	1.0007215238471655E-4
6	1.6896943961297246E-5
13	6.668564264695731E-5
30	2.8041830130419107E-4
6	9.033643457041501E-5
11	1.7893217203835172E-5
23	1.3895674544441047E-4
1	0
42	1.3323395576994073E-5
6	0
19	3.971307646667133E-5
151	3.620122241451977E-4
8	3.071705662828135E-6
14	3.857836620094433E-5
46	1.5693983783797612E-4
23	4.757267759992748E-6
14	5.262123472566202E-6
13	5.8617337105567054E-6
51	3.256791443364829E-4
1	0
3	0
27	2.001773300866275E-4
15	0
3	0
16	4.1458420826389485E-5
51	1.307746902774802E-4
56	5.235073400438496E-4
28	0
15	1.1101860081551216E-6
17	7.951495353337532E-6
28	1.4481298868345986E-4
8	3.441527180119161E-6
30	8.72851282183997E-5
5	4.5557645881811485E-6
15	8.602434720150931E-6
7	0
10	9.408216476853242E-5
21	5.604166998325633E-5
1	0
4	0
2	0
11	0
1	0
104	1.2161486945759211E-4
178	1.9751480719552053E-4
42	1.2045579177856357E-4
34	0
163	4.537913339425224E-4
46	1.521257232066708E-5
1	0
41	8.916448998672137E-5
10	1.5327294755134918E-4
4	7.560293426623546E-7
153	5.148678517436689E-4
41	3.29161233854369E-5
17	7.644442655976994E-6
74	3.7773803043383326E-4
13	6.878139361152146E-6
71	7.235224709602742E-5
7	1.1627831704239496E-6
46	2.1205198455504298E-4
102	2.827393303972787E-4
20	2.711545591897486E-4
40	1.2974653994330282E-4
28	0
2	0
6	8.999544826281986E-6
2	2.1957030972760126E-7
25	1.3701085896149147E-4
13	5.5459640831255254E-5
24	5.6254471555308894E-5
1	0
1	0
172	0
21	0
3	7.249096897720661E-6
47	1.8473389610969515E-4
23	0
6	9.794602066256808E-7
19	2.589028125630769E-4
5	1.2033252296940638E-5
9	3.4059109189813134E-6
19	4.8534273241130886E-5
59	2.0480095145144006E-4
159	1.1652264090795534E-4
10	4.558604876571156E-5
14	2.0359104343564567E-5
23	0
11	3.474279460648372E-5
131	1.3261562759867414E-4
10	0
51	2.8070747662485912E-5
2	5.65005913554959E-7
39	3.127763844748193E-4
4	5.625268790711002E-7
76	4.78708503280805E-4
397	0.011418077371775633
6	0
7	0
56	2.2245075450644548E-4
12	1.4110873293343116E-5
46	7.867947246676723E-4
31	1.234928195302116E-4
6	1.7854305472884192E-6
41	8.141810043637851E-7
78	3.291488388797585E-4
6	0
1	0
44	4.864298605171908E-6
3	0
11	3.064144768056612E-6
50	7.830299090043356E-5
24	1.536769949377695E-4
2	0
8	1.2900210364925402E-4
11	5.2107391868629825E-5
61	9.733132694219647E-5
47	2.2673006906941085E-4
1	0
1	0
39	2.007035504652072E-5
213	3.3863021752832443E-4
50	1.4345406063486058E-4
49	8.737276621441295E-5
33	1.0711787497600757E-4
4	0
4	0
15	5.946135672314631E-6
1	0
9	0
2	4.439590705807357E-5
94	0.0012230492829165452
7	4.169116351580052E-6
12	6.836495815759853E-6
3	0
10	1.289196124134095E-5
12	3.736103574264116E-4
25	1.654678783194058E-4
12	1.2939806526875668E-4
8	1.521586167012175E-6
13	9.852035194888991E-5
27	3.173667629718622E-4
1	0
4	0
3	0
157	2.600280411650108E-4
19	1.552568748787475E-4
2	7.484999675940889E-7
5	2.694101753523892E-6
6	0
5	9.900442566522627E-7
71	0.0012086785456336842
8	0
111	0.0017958616943958513
15	1.7092721292252022E-4
112	0.0024262127660290836
10	5.949915379253523E-6
10	4.729999778493474E-5
2	1.0097059397042385E-7
4	0
31	2.078481361736806E-4
19	2.5874039519968657E-5
8	1.5479865970215552E-4
2	0
2	0
10	9.892293361399864E-5
2	0
58	1.778669151668906E-4
4	1.5540044635327112E-6
73	0.0012916496908225677
2	1.6569533369505453E-7
9	8.270683980677741E-5
3	1.7413985272508878E-6
29	2.592330013390793E-4
6	0
11	1.0156993075973737E-4
60	5.094566756462533E-4
5	7.532309132433137E-7
52	4.127033506703161E-4
1	0
4	7.1117916644539695E-6
3	1.2116471276450862E-6
1	0
6	2.2280844402806866E-6
18	3.2970288493146954E-4
2	0
46	5.664279745303078E-4
61	8.942529487613633E-4
8	1.0040098044084083E-4
1	0
4	0
16	2.5762376547660746E-5
29	3.0638931985490006E-4
2	0
1	0
18	8.209438625066043E-5
9	0
24	1.3771874251355398E-4
56	0.0018896138364565584
16	2.0523741464955043E-5
4	4.0388237588169544E-8
14	6.975415881883845E-6
24	3.081086596824311E-5
2	0
4	6.771223145195702E-6
9	4.553751843384618E-6
22	2.2308538778824642E-5
1	0
5	6.982253495823543E-5
157	2.9357957464516163E-5
21	6.890579148000373E-6
17	3.6554935978959766E-6
32	4.376497586087262E-6
24	1.4713708042601943E-4
10	1.3267753491213053E-4
18	2.8037146398439093E-5
1	0
21	2.8615670656528564E-4
11	1.6799059482934223E-5
2	5.3524613854220654E-8
21	0
7	3.7406522136338803E-6
2	0
4	5.790903970379929E-7
4	0
6	2.8871273602372984E-6
18	6.725490202267032E-5
28	2.8967933267130445E-4
4	0
34	9.763428320771259E-4
1	0
40	6.160862303910419E-4
3	0
19	1.0877735529760413E-4
31	2.274713856491201E-5
40	2.931962013923197E-4
24	5.575935435885232E-5
1	0
48	3.995746820758781E-4
42	2.473419387933832E-4
1	0
62	2.27671221002344E-5
1	0
28	3.4159585397714694E-5
33	2.0451526799799573E-4
51	2.9709659292397376E-4
52	4.8387745091279296E-4
24	5.067711683949453E-5
39	3.488374764027815E-4
17	1.408650216053903E-4
31	3.744572197986799E-5
5	3.6918955284303826E-6
16	0
25	1.7839766774305728E-4
12	8.033534906176923E-6
83	1.8338132741851581E-4
54	0.001064723653938666
4	0
23	4.084824629394904E-4
9	7.170804310801617E-5
10	5.096011456742005E-6
4	3.997810199261578E-6
56	1.5781884174474137E-4
20	4.041814104708736E-5
45	7.027337893172909E-4
44	5.614182045133058E-4
1	0
49	0.0015149794104587057
52	6.620673471203008E-4
1	0
6	2.160271281552398E-6
18	0
80	0.0010109963499896435
43	2.0847407883732837E-4
9	2.1826641514294005E-5
93	0.0019728805818926775
18	1.8621302447923266E-6
14	1.107169098006638E-7
21	0
200	6.454675025701975E-4
224	2.0711699409738728E-4
102	4.350285937577198E-4
200	3.3635853232203295E-4
1	0
3	0
2	0
45	6.333688903374829E-4
169	3.633384945917607E-4
185	3.748288972856098E-4
190	2.476018913421998E-5
152	0.003449980058185555
8	7.785625750124049E-6
83	0
2	0
32	1.1212137630798577E-4
2	0
3	9.921799319327128E-6
55	2.4605986291313214E-4
4	5.827656955590415E-6
7	3.878557559554552E-5
3	4.514964263994003E-5
3	0
3	0
26	7.547600413732459E-4
1	0
4	9.722387136351163E-5
2	0
2	1.4915739268832574E-7
61	0.0012448487204969828
1	0
12	0
5	4.978209100254099E-6
3	4.542059914620271E-6
1	0
12	0
1	0
2	0
1	0
1	0
4	9.742314889537156E-5
2	0
2	1.235471337323685E-6
10	1.8216244764989898E-4
2	4.2329116783378806E-6
11	5.871118200469468E-6
18	4.44270613469865E-7
2	5.580657841809477E-7
1	0
8	0
2	0
2	0
12	9.725093348408241E-6
5	3.0833559655670236E-6
22	3.5425542441043554E-5
9	1.131464350305013E-5
2	0
1	0
12	0
17	2.176128637318474E-4
1	0
7	1.2612909032949258E-4
1	0
7	5.986887982743258E-5
1	0
1	0
1	0
5	4.6246160244085685E-5
14	1.0402200514147258E-4
2	4.282905089248459E-7
8	1.5421294386902884E-4
2	0
6	3.7229896551229035E-5
11	1.23533886845712E-4
2	0
1	0
4	5.515494655016791E-6
51	3.692329351570787E-4
3	0
3	6.987352434289972E-8
4	2.8541021228973147E-7
7	6.031310146499985E-6
8	1.642726689917655E-4
1	0
5	0
7	1.959262672240937E-5
14	0
8	1.8833724687489678E-5
3	9.713843851832606E-7
1	0
12	3.66332617374334E-4
14	2.0064512091647882E-4
11	3.9773948628624106E-5
8	6.334636134723362E-7
2	0
21	3.895387323079905E-4
6	5.364482716689209E-7
3	0
9	2.6395696386869872E-5
10	2.7968666245195986E-5
3	6.789005349837985E-7
9	0
8	3.4480635343117307E-6
8	2.6835038649443807E-5
5	4.842687503638617E-7
8	2.6280225059917594E-5
2	7.144923591828313E-7
1	0
40	3.67572826257215E-4
38	2.228513215819651E-4
36	1.3752279865758924E-5
4	0
6	7.668215220700102E-7
39	2.4181402700842753E-4
2	0
11	1.278891493623652E-4
37	3.511392930031914E-5
36	0
37	1.0160860421861474E-6
10	6.519018955432209E-5
37	0
8	8.429976761416341E-5
1	0
3	0
11	4.33555533799538E-5
32	2.871903681569339E-4
18	1.7414551612315907E-6
1	0
2	0
10	0
83	9.730034116727658E-4
1	0
170	0.006130402679877824
10	8.980610664253065E-5
1	0
3	1.603159305264877E-7
12	7.981698705507951E-5
3	0
11	2.9838474031645875E-4
1	0
85	0.001272502168768922
39	3.4915664569904106E-5
37	2.5701605737926078E-8
36	0
39	2.2754746132209894E-4
2	0
7	6.3293990237971066E-6
37	1.0160860421861474E-6
1	0
37	1.0160860421861474E-6
37	0
1	0
25	4.1557573961869916E-5
3	6.254658394422455E-7
1	0
4	0
38	4.7450092852595126E-4
2	0
42	8.073818519443195E-5
37	3.184818637075205E-5
37	6.462118014107127E-7
37	3.184818637075205E-5
38	9.50036363659109E-6
37	9.060969775722984E-7
2	5.347402656673648E-5
1	0
37	1.0160860421861474E-6
12	1.0671965340514525E-4
1	0
13	1.0409350101336615E-4
4	5.173290469046437E-6
11	1.4619277147182182E-4
13	5.01111056920911E-5
3	0
6	1.693518621060488E-6
3	0
14	2.5897483512567698E-5
2	7.10832981551784E-6
37	2.2013207239456213E-4
2	0
2	0
14	7.327347307407598E-5
273	5.160306199268935E-4
4	0
9	1.042041329151169E-6
60	0.0019097631195584656
5	0
8	0
8	1.39471991512959E-4
41	2.162078808152248E-5
6	3.4710053578345003E-4
5	9.28121699776136E-5
1	0
5	3.378531694956769E-6
2	0
9	1.540925374649672E-5
10	1.0482661235556498E-6
22	2.7500785887723064E-4
2	0
3	1.023097525091998E-6
4	1.2894857012793436E-6
24	2.3315050501582463E-4
37	3.340457523300557E-4
1	0
5	8.705100232095117E-6
26	1.0118198698780348E-4
4	2.665478885394853E-5
11	6.899792715746965E-6
5	0
1	0
9	6.281395952771309E-5
3	0
3	0
2	0
9	4.180687390489166E-6
2	2.1094034718985026E-6
8	1.3358240559761512E-6
1	0
16	8.230300061414557E-6
2	0
1	0
24	1.065790386971057E-4
132	2.3906884283743602E-4
129	4.022477415644861E-4
116	5.425608569330936E-5
133	6.068017538434785E-4
46	1.1351424552210071E-7
111	2.759234988742601E-5
130	2.190799285398306E-4
122	2.0334507180309633E-4
35	2.006683170645873E-4
43	2.3683055021127714E-4
116	1.2599506478456026E-4
133	3.9145232494623163E-4
127	4.633064270514913E-4
115	9.359925942518387E-5
123	1.6472010617110154E-4
18	1.709553390147874E-4
127	2.341476948912816E-4
124	2.4695211565032167E-4
106	1.0774701038095948E-4
8	1.0706153846838295E-7
1	0
104	0.00288912207630907
115	8.663146812037535E-5
226	8.251291744078113E-5
114	2.1046526337623327E-4
128	2.0948832071232188E-4
108	2.958288437351955E-5
58	5.81907975865729E-5
144	4.8730760736118834E-4
115	2.0131472828172103E-4
118	6.494078681336003E-5
115	7.833806410860416E-5
120	6.246180880522539E-4
238	5.742004730733377E-4
95	6.694009692919064E-4
59	1.5255756680126472E-4
117	5.8961428646918755E-5
2	0
114	2.6215570908127235E-4
119	2.061826340468471E-4
114	3.6728249098725197E-4
131	8.675456050202257E-4
284	0.0017982415023638767
114	8.936620968833706E-5
143	0.0011679039874666402
119	2.549938443194194E-4
121	2.997834035318653E-4
111	4.859520043675187E-5
15	0
117	2.571954170269152E-4
57	2.368839605463107E-4
109	2.0093437285202245E-5
119	1.9260167147115085E-4
113	5.061381397403648E-4
265	0.0019978999787729685
160	2.682563435225273E-4
12	1.4964919383186004E-6
182	0.0015914702453820183
118	9.0727835831E-5
7	0
122	2.4715615929843393E-4
123	1.4274798797623466E-4
15	1.0399838467606096E-4
136	0
4	7.916134718462565E-6
2	4.344358153558626E-7
108	8.164915109686473E-5
166	2.2317737252112657E-4
117	1.2758404016499446E-4
2	0
122	1.8410389587196003E-4
15	1.3210832116730253E-4
6	5.08108308069943E-5
136	4.082720286196497E-4
50	1.8094047352175773E-4
111	7.98069499432052E-6
12	3.3173282694481094E-5
15	2.6591418684374243E-6
14	1.2408389034316328E-5
6	1.0770196690178545E-7
87	4.062229611160557E-4
3	0
22	3.825801492958399E-4
3	0
25	6.666168826623902E-4
29	3.4185116266072593E-4
14	4.9649009444974864E-5
40	2.4384483704754605E-4
8	0
1	0
19	2.1557579861658193E-4
186	0.004039848032207772
215	9.563662969951606E-4
12	6.642598123368473E-5
108	5.900210583537125E-5
1	0
1	0
4	4.616038987681211E-7
1	0
3	7.867628682175426E-5
6	0
13	0
15	2.193503313260134E-5
39	3.8021872729728385E-4
1	0
16	3.6329767709012305E-5
2	0
1	0
17	1.702230441401197E-4
31	7.540770630869207E-6
4	1.9451351469196165E-5
9	0
17	2.0880789994182742E-4
2	0
11	4.199052046812799E-5
22	2.7698945431212096E-4
22	1.5780756194000098E-4
13	0
17	1.1220605219597316E-4
6	1.0645448405054262E-4
3	1.0468064742453235E-6
1	0
9	2.0448095425911088E-5
1	0
15	1.5678713831727417E-4
1	0
12	0
4	0
2	4.464594544638724E-8
3	0
41	1.857858929055799E-6
37	9.060969775722984E-7
38	1.7375439850506612E-5
4	0
38	9.845502010408327E-5
34	2.5701605737926078E-8
37	1.1429484351278513E-5
35	1.3703538417479452E-5
38	6.872759405326855E-4
37	9.060969775722984E-7
36	1.3604182608209652E-6
37	0.0014589374599060464
39	3.351304082454575E-5
103	6.712066642480189E-4
2	0
2	0
1	0
37	1.0160860421861474E-6
38	3.2512914017834065E-5
5	1.919742153934897E-5
14	8.378031377234437E-5
11	1.665265546552004E-5
14	8.861551895101094E-5
1	0
4	4.039545570236455E-6
3	3.932020158470491E-6
8	0
3	0
4	0
17	4.3400921721534036E-5
4	6.12038453194739E-5
6	4.2203447437749367E-4
9	6.308934607789271E-6
3	4.775929999685929E-7
29	8.804990397456223E-6
16	1.2074588500781727E-4
1	0
3	1.5369968193275632E-7
4	6.4254994798534865E-6
7	1.3284931607834926E-6
74	7.220130417973729E-4
40	1.361449846101792E-4
13	0
5	0
25	1.6455776816981407E-4
22	3.0661318163708273E-5
7	0
7	3.917921050437297E-5
25	4.222110411534621E-5
2	8.077647517633909E-8
86	0.002551399054809467
6	0
41	5.46393882148359E-4
10	1.273046328978454E-5
4	0
3	0
10	4.618068908993907E-5
4	2.995724929864981E-6
1	0
3	5.628377248356479E-6
7	0
179	0.005010140336476327
4	0
10	2.638140422351361E-4
2	0
15	4.720867500611883E-4
8	0
8	0
5	2.4096248831663425E-5
8	0
7	2.679293321694089E-5
9	0
9	0
4	3.2310590070535635E-7
2	0
1	0
5	6.996204725711999E-5
14	2.101721976666738E-4
1	0
15	5.291678198266263E-5
4	0
1	0
17	3.124874979288479E-4
3	0
3	7.835318092104892E-6
5	8.33150604775639E-5
24	2.3487904045492442E-4
6	3.770539922027395E-6
8	5.082915939203182E-5
14	1.749862632601337E-5
5	4.909957267556803E-6
4	7.64642092859365E-6
5	5.227788212910243E-7
5	8.090154032159014E-7
9	0
6	1.8465097401484476E-6
6	1.2893925923587043E-4
15	2.7700949166790777E-4
337	0.008580009391272292
5	0
19	1.5876957070721812E-4
115	1.763993439170204E-4
23	5.3926121384499286E-5
1	0
110	1.3644623410609852E-4
30	9.485736864730026E-5
171	0.001128618237249315
1	0
5	3.0303751085029452E-5
5	5.364962376754554E-6
1	0
104	1.007822490546999E-5
6	6.250622309865964E-7
92	3.1615175555470444E-5
4	0
116	4.8637721101107517E-4
22	0
32	5.230233050965338E-4
48	8.752430619527499E-7
22	1.160618992393898E-4
27	1.66458560840108E-5
8	0
3	1.814583340442071E-5
89	2.2909095244417935E-6
1	0
112	0.0012199958719014228
4	4.554404171295866E-6
103	2.546692110652106E-4
94	1.2823121040480095E-4
1	0
106	1.0473640489772571E-4
96	1.0575538039795542E-4
14	4.725604483678117E-5
15	9.548407228831173E-6
2	0
127	4.788407169404657E-5
31	0
1	0
16	1.248885626911415E-4
3	0
102	2.194057895477603E-6
9	2.6338620059272872E-5
156	0.004608846437672881
4	0
167	6.026212167052046E-4
4	2.1652622010036075E-7
107	3.3653199444734483E-4
481	0.0012412016449071957
4	4.1583440488961145E-6
1	0
374	0.010785392534262776
1	0
101	7.309881108332931E-5
5	1.2185842843994834E-6
109	3.4084041908411677E-4
1	0
210	0.001337476783772435
7	1.6539487416821714E-6
19	1.3774935468053185E-4
6	8.723531493513998E-6
196	5.70731318846152E-4
1	0
20	3.764739322484447E-4
46	5.697459957110254E-4
104	5.3797974032469054E-5
28	1.6867337637450542E-4
241	5.724302539028679E-4
97	2.8219094340480945E-5
9	5.440716894782783E-5
8	0
46	0
14	1.3952179618679098E-4
103	1.829488692758596E-5
162	8.246887645901576E-4
161	1.4022316416269887E-4
803	0.023244081983786385
164	5.208630337580991E-4
402	0.004439215052307336
13	1.8667156368856981E-6
261	0.00117046795485706
260	2.2644767041003473E-4
282	0.0010443919401277116
103	1.5975349581868345E-5
117	7.061219055025062E-5
1	0
12	1.0385947209178408E-5
115	7.604976836261913E-5
3	0
8	4.042533601880806E-6
307	2.501200521405625E-4
1	0
113	7.02911199046218E-5
7	0
118	2.053191026747306E-4
59	1.5354427927926297E-4
5	6.982092723012925E-7
82	0.002056164135116022
116	2.3812706680761216E-4
9	1.862642559013825E-5
4	0
123	4.3507383173023944E-4
114	8.183286994131562E-5
212	0.007061811596183227
12	7.734702655626076E-5
170	3.147197374455713E-4
186	0.0013327178661797837
19	1.1523934101327942E-6
118	1.5529887694650654E-4
121	1.4706508470133865E-4
4	5.402803552883526E-7
7	0
114	2.9701492239326325E-5
8	2.3035399254255683E-6
116	3.805956286597975E-4
1	0
114	1.2784529144899273E-4
121	1.5476059465900294E-4
117	2.33986861811558E-4
101	0
2	0
3	5.163851245694074E-6
9	3.18143313240841E-6
2	0
8	6.228691421679502E-5
5	1.5804654378467577E-6
5	0
9	0
1	0
11	4.1786303183356306E-5
1	0
2	0
2	0
4	2.815626764804313E-5
1	0
22	1.0547275577110164E-4
1	0
2	0
1	0
1	0
3	9.39215586433037E-6
2	0
25	1.9387523243603937E-4
4	1.815640502513941E-7
1	0
1	0
1	0
3	3.6662109974515744E-7
1	0
31	3.9064402300221157E-4
15	2.742552438536592E-5
10	4.881615677623524E-6
2	0
3	0
3	3.558860772049516E-5
6	2.9560071179141853E-5
16	8.813547762086762E-5
1	0
2	0
3	0
7	4.5295133968777206E-5
1	0
6	0
5	4.837563384413911E-5
6	1.197087671359638E-5
1	0
19	1.3338481402362494E-4
9	0
3	0
1	0
15	7.19683817788106E-5
6	2.001872552185278E-6
26	6.0250224378760595E-5
3	0
11	9.421630139674362E-5
17	3.6263144083379506E-5
1	0
1	0
3	1.935501713681816E-5
2	0
6	6.42862562150005E-6
5	0
2	0
8	3.363552149403068E-5
10	0
5	2.1436140073403834E-6
11	0
1	0
7	0
4	5.764813377622713E-7
3	1.5613045549130356E-7
4	8.308623162388501E-7
2	0
10	4.031793711946649E-5
5	8.665557730205052E-6
3	0
2	0
1	0
11	5.4984076820966784E-5
10	1.785866307814736E-5
7	1.9871012893379415E-5
2	9.780562776873693E-7
10	4.317415275598335E-5
1	0
16	2.336065746712239E-5
12	1.506463274386814E-6
5	0
10	1.1217989413245423E-5
4	1.1843151915498036E-6
4	2.737952532219702E-6
1	0
1	0
7	3.650560155871325E-6
25	1.8825718862629402E-4
1	0
2	0
3	0
3	0
11	1.2416339100792404E-5
2	0
3	4.831432445400563E-6
2	6.79750571805567E-8
3	8.247164009689253E-6
1	0
13	4.398086316730856E-5
2	0
1	0
18	1.7458593782587577E-5
7	8.751770679026735E-6
7	9.831092930092469E-6
49	1.2838274023001714E-4
28	3.0486885891796575E-4
50	1.2185160727095303E-4
3	0
6	4.9055179223259725E-5
1	0
1	0
5	4.710208105236403E-6
1	0
2	0
1	0
8	8.134650531152047E-5
4	0
1	0
15	1.9966906846081817E-5
31	3.917932304881492E-4
2	1.0945143052951305E-7
5	9.438651574474058E-6
1	0
7	1.4876711164047714E-6
5	0
1	0
1	0
10	0
9	0
3	6.446431043698294E-6
8	1.0654328454691505E-5
2	0
2	3.783586410761259E-6
1	0
21	3.163265924829759E-4
1	0
1	0
1	0
2	3.4811488653309384E-7
1	0
1	0
12	2.89958573134768E-6
10	9.062634297768115E-5
1	0
16	0
4	0
14	0
25	6.505228695977798E-6
18	4.148752460300503E-6
1	0
3	2.209825883631855E-7
14	1.954761686448091E-5
20	8.817247757660914E-5
8	0
17	1.8440262328822442E-5
19	1.3547802418009763E-5
20	6.842464351430323E-5
27	1.6359461721456926E-5
19	2.361073726805132E-5
13	8.234878160591744E-6
27	1.463568280427423E-5
16	8.904601890633482E-7
1	0
21	3.290675453839965E-5
6	1.771678823351222E-6
2	2.5748507225000355E-7
4	2.3079230426040445E-6
23	1.3356676155614573E-4
2	0
2	0
13	3.503928428727708E-5
2	0
38	3.83218630312934E-4
5	1.6110395269506314E-6
26	0
5	0
1	0
4	0
2	0
10	2.2748895224259438E-4
7	5.063163453289004E-5
3	0
4	8.649856611831838E-6
2	7.094311367840848E-8
5	1.9043899960521867E-5
8	1.3842847105587259E-5
5	1.0413276787669018E-5
3	0
15	4.365481536442245E-6
6	6.923766264714719E-7
1	0
2	0
12	2.4031686512302234E-4
1	0
4	6.949841637747587E-7
1	0
4	3.4790367641565016E-6
2	0
10	1.2426536490540908E-6
3	0
1	0
6	0
3	5.662785996508988E-6
1	0
3	0
10	8.442933892016765E-5
33	1.2095985438828269E-4
9	3.3412442582990307E-6
5	0
7	3.276689007668095E-6
8	2.598947829226212E-5
1	0
1	0
49	1.2436728699202583E-4
1	0
5	1.6155295035267818E-8
6	4.520134368979917E-6
6	3.0691024074420634E-5
4	1.4646283960544999E-8
1	0
6	4.972575139087039E-5
5	0
12	4.81265049232285E-5
1	0
1	0
7	0
4	0
2	0
1	0
9	3.5160411146486006E-5
1	0
10	6.874236209451363E-5
1	0
34	2.2864265533018217E-4
2	0
20	7.360296713693121E-5
4	5.397867852999796E-6
48	2.3181742406066223E-4
5	5.404707347864197E-6
2	0
1	0
2	0
19	2.3835519176412296E-4
1	0
2	8.077647517633909E-8
7	0
2	0
6	0
3	1.4514016683199088E-5
2	7.109451537149932E-7
1	0
1	0
7	1.0139493527492445E-5
1	0
3	1.9566757143709476E-5
9	2.5247108885536615E-5
4	0
20	0
4	8.299891477829949E-8
5	9.292984132900652E-5
14	1.637608753310409E-4
1	0
2	0
7	0
8	1.0391478788874334E-4
16	0
1	0
15	1.1688950823711025E-4
24	2.8411514771013647E-5
2	0
13	0
1	0
17	1.893151578362241E-4
6	6.913237652383555E-7
4	3.5654669828365897E-6
10	5.915777474747727E-7
1	0
4	4.509644520176002E-6
2	0
42	5.045975261640495E-4
1	0
11	0
1	0
2	0
15	0
8	0
7	3.797851921106027E-7
1	0
2	0
23	1.6144368122215504E-5
7	8.535762686213317E-6
2	0
6	0
10	9.587852511514731E-5
7	1.4992751168052498E-6
2	0
4	5.48117248608876E-6
1	0
7	3.820774317444151E-5
1	0
10	4.3116027560072394E-5
2	0
1	0
30	3.3891684646428145E-5
7	3.396196175533966E-6
7	4.486404189508225E-5
7	9.748862242921819E-7
3	7.047969889250743E-7
5	8.384097226806213E-6
4	2.2637404293182378E-7
2	0
6	8.263603851707688E-7
9	2.9278086814766457E-4
1	0
4	0
3	2.576769558125217E-5
5	0
1	0
2	1.3182516885304635E-6
10	0
31	3.965817759853548E-5
2	0
4	0
4	2.659948178972793E-5
8	0
33	2.2265170885809755E-4
4	0
9	1.5631554590369196E-6
24	1.8110884614642208E-4
8	0
6	2.3698154805197987E-5
1	0
1	0
12	1.131469497403502E-4
1	0
1	0
3	0
5	3.8115779181163584E-6
4	2.197764244719544E-5
1	0
10	5.9183868537020745E-5
13	0
22	3.860960324896354E-6
18	1.0610923636555115E-4
23	7.844495716758583E-6
11	0
2	7.751763590004499E-8
1	0
2	0
1	0
20	0
6	0
4	0
5	0
5	0
1	0
1	0
9	9.561347669141604E-5
1	0
18	2.4364218548188013E-5
19	9.809360824540537E-7
1	0
3	0
2	0
3	0
6	0
63	1.9895301877710805E-4
63	4.2845199794899817E-4
47	1.1143818400887461E-4
10	2.6191005324821774E-5
3	8.384202161358764E-6
34	4.508969681788207E-4
1	0
15	3.1041949031480407E-6
3	1.3610387431686148E-5
45	3.0803360258359293E-6
7	2.775870341333808E-5
19	7.841659040441171E-5
33	1.2135544958286351E-4
21	4.80375562351717E-5
4	0
4	0
25	1.5791878555059088E-5
14	3.2787264372502594E-6
2	0
4	7.5335478579191496E-6
5	4.932664137283505E-6
2	0
11	4.400586261156103E-6
2	0
3	0
3	0
9	4.109447708870109E-6
11	0
1	0
15	7.393181423076684E-5
4	1.959804753360973E-5
1	0
32	4.7185564644873073E-4
3	0
9	5.795296265361931E-6
2	0
2	2.083267155074069E-6
6	0
2	0
1	0
7	4.3323878408866714E-5
2	0
2	0
3	0
1	0
1	0
2	6.81248788050151E-7
23	6.972238727513867E-5
1	0
11	0
3	0
5	1.2047735443222788E-4
6	0
1	0
2	0
4	0
1	0
26	0
1	0
1	0
5	5.782224894743865E-7
6	8.28054108546438E-7
8	1.679983811007781E-5
2	0
38	2.664125918869853E-4
85	0.0024934391108027577
3	5.1616167637680676E-5
1	0
5	1.990905571036377E-6
1	0
43	9.139007361566519E-5
4	0
5	9.206506126005296E-6
3	0
3	2.891289427902739E-7
1	0
111	0.0013194695732477277
10	1.114176326231086E-6
9	0
24	1.1819168652815143E-4
3	0
14	4.224594063107296E-5
5	0
1	0
11	5.198885819850725E-5
1	0
7	7.465062561438732E-5
6	0
4	1.0499203278081106E-6
2	0
13	0
2	0
1	0
17	5.607973020705593E-5
1	0
6	0
19	4.89982562280816E-5
26	3.5132326950220377E-4
2	5.675270919237897E-6
4	1.787994010987032E-6
1	0
5	3.342862775550162E-5
18	2.6508496525040257E-4
11	0
4	0
5	0
13	1.4822046296199403E-4
1	0
1	0
1	0
2	0
1	0
4	0
17	1.6884967624027607E-4
8	0
3	1.801555742382479E-6
1	0
1	0
4	0
8	3.682541805807029E-6
6	1.0400072790473706E-6
16	4.8293123379869154E-5
1	0
4	2.44867936322501E-6
1	0
5	0
13	1.4553403118459118E-6
2	0
2	0
3	0
2	0
8	2.973162799033089E-5
1	0
3	0
1	0
7	2.363837240390003E-5
2	0
6	5.379713246744184E-5
3	0
1	0
14	4.60701789770332E-6
4	3.7594708250330514E-5
10	0
1	0
28	1.5471162676409122E-5
10	0
8	1.1712588900569167E-5
17	4.6026378226752594E-5
21	0
12	1.0780235484598223E-5
6	3.561857905394762E-7
4	0
10	2.4627850742541884E-5
1	0
2	0
2	0
1	0
1	0
1	0
10	0
2	0
7	2.9495468211308067E-6
3	0
6	7.87246896233124E-6
2	2.6610029553921292E-5
2	0
4	9.539701718325648E-5
1	0
49	1.4320690925710876E-5
48	8.182262103317183E-6
9	2.6411029915360494E-5
6	0
1	0
3	0
41	5.220728392827942E-4
8	0
15	1.8694937871566075E-4
5	4.198926784156328E-5
10	5.922461691272688E-6
19	6.480704287798924E-5
15	0
2	0
2	2.3990613127372704E-5
12	4.9410999727303875E-6
6	0
24	2.766778459594434E-4
13	1.4476753870810269E-6
1	0
1	0
4	0
8	1.2246960609303776E-5
3	9.912209465660557E-6
1	0
35	2.2960732393081075E-4
2	2.5331678404159457E-5
23	1.7035221809096846E-4
39	3.674675353385682E-4
3	0
4	3.2216018539793925E-5
2	0
2	0
10	1.295748056743722E-6
3	0
5	1.0770196690178545E-7
4	0
20	7.880394711096643E-5
7	1.600720483077786E-4
4	0
2	0
5	0
3	1.9131128451774473E-6
2	0
3	0
2	0
1	0
27	1.752356459067477E-4
1	0
15	0
2	0
11	1.1357989064703226E-4
6	5.3527877550187354E-5
27	7.916953352222943E-5
34	1.0524708300312692E-4
6	5.307715669614549E-7
22	2.396971416851265E-4
26	2.411802266744194E-5
3	0
3	2.1905845841715325E-6
8	6.697054589787982E-5
2	0
7	0
6	3.7897629603565763E-7
21	0
1	0
14	3.062007106863733E-5
9	7.196814078598338E-5
9	3.4956317471981086E-5
9	6.18225573523119E-7
10	1.2268386743969247E-6
7	7.519502526393272E-5
7	1.4756375034453848E-6
9	0
9	4.893288828262622E-6
3	1.9605604474942875E-6
61	3.5106850032498886E-4
1	0
11	2.8925770143869635E-5
11	7.202134486125874E-7
8	1.039629294736518E-4
4	0
4	3.843943451573339E-7
9	1.6162672198326273E-5
2	0
7	1.3571207041903186E-6
5	1.5687445889836268E-6
9	6.048882020716449E-5
27	1.73246042447721E-4
16	0
30	8.331861332728711E-5
165	3.0549918359686225E-4
32	3.0581507238568474E-5
23	5.9142133549957054E-5
7	7.871798248527655E-6
11	6.086946218198242E-6
1	0
26	8.463661369697613E-6
27	0
27	1.246080809832371E-4
2	0
8	4.190925562916109E-6
9	6.234180569250394E-5
18	5.031671686071919E-5
3	0
4	4.0510228652820194E-7
3	0
33	6.799502503914335E-5
6	9.93698318669622E-6
33	1.9200741351817533E-4
4	0
11	4.187521029301921E-5
21	6.8609765133908785E-6
5	0
34	3.3087806916298004E-5
33	4.251693193996066E-4
3	0
3	1.5061534791234572E-7
25	3.139966753610296E-5
1	0
20	1.789555902118812E-5
1	0
8	0
15	4.8052056148977456E-5
7	5.171688573690011E-7
9	5.247636900607401E-7
45	6.938923338927032E-4
59	2.031482784312313E-4
7	0
1	0
1	0
2	0
1	0
1	0
5	0
3	2.423294255290173E-7
7	2.482049045055469E-5
3	2.1014782363968336E-6
32	7.491531857411304E-4
1	0
11	0
6	9.734803583550293E-6
25	1.534615001391499E-4
12	1.119296683939579E-5
23	8.811482963537536E-5
1	0
2	0
1	0
7	5.451535064526142E-5
2	0
7	7.430081921756926E-5
1	0
8	0
6	0
23	3.359326311489751E-4
7	1.288062753724544E-5
6	5.5672113877827725E-6
5	6.267363482631481E-5
4	1.4589002494499153E-5
4	1.4369429399595566E-6
2	4.604078412659578E-5
1	0
7	1.711126312383934E-7
3	0
3	4.038823758816954E-7
1	0
1	0
1	0
6	0
16	1.8664631409967273E-6
3	0
5	5.95998742130246E-6
5	0
4	1.6155295035267818E-7
15	6.520909168775298E-5
18	7.249801137625733E-5
20	4.8362380279500166E-5
1	0
2	0
2	0
1	0
2	0
8	6.474877581981841E-7
39	0
7	7.731704363824585E-6
2	0
5	1.677557397978492E-6
3	3.0412269653126023E-6
1	0
1	0
4	1.9777723437152313E-5
1	0
6	2.090550530638301E-6
4	3.2332949588032373E-6
3	1.1497184966765597E-6
24	7.72632544822021E-5
2	0
82	3.0450575464477684E-5
1	0
6	9.260857514885801E-6
25	4.142533155853777E-5
1	0
1	0
1	0
7	8.431768605251371E-7
12	1.9847622129894727E-4
2	0
2	0
2	0
2	1.5807186892245977E-6
15	3.017462408125488E-4
3	1.344042137535302E-5
2	0
9	5.589665601349795E-7
6	9.308344655331647E-6
22	4.7644495362453483E-4
2	0
13	4.2811735133003964E-5
8	0
9	8.349747886103339E-5
7	0
1	0
5	1.0636765144643982E-4
15	1.282392141503427E-6
3	0
61	1.3717908554920514E-4
11	5.035345383883837E-5
1	0
1	0
15	0
1	0
38	0.0010666185379290954
32	6.269144558210229E-4
9	1.4441523493788867E-4
4	2.143435860303033E-8
6	0
6	1.3524109600378445E-6
47	8.603819466401651E-4
18	8.346910568908555E-5
19	8.496026524361742E-6
3	0
2	0
11	1.7255171289450973E-5
9	1.71248444970274E-5
15	1.4919283748602512E-6
12	1.0282777478750597E-5
6	2.8048039047903677E-5
6	7.301916421544841E-5
10	0
13	2.9362859584683578E-5
27	6.577119540789403E-4
29	1.6538924336354486E-4
19	4.269908140231829E-6
15	1.5903754013959875E-5
17	5.614029311996128E-5
8	0
48	3.303738223059282E-5
49	8.098899211993609E-4
59	1.4852581738343453E-4
36	1.4602642538161692E-4
1	0
1	0
11	2.470147443768856E-6
82	0.001250400996045533
20	1.816646196909506E-5
1	0
25	1.495996702406011E-4
22	6.432686229663799E-5
93	0.0013292552946012142
3	1.0739040049753383E-5
1	0
17	4.5119023731690596E-5
1	0
19	1.018677575920662E-4
11	1.4226089615885663E-5
25	0
1	0
1	0
53	2.022132333546991E-4
6	3.6225828142579346E-6
28	2.600701694129478E-4
1	0
18	5.0348610643352E-6
1	0
1	0
57	0
41	7.182335323916479E-5
6	2.1604811177246764E-5
5	1.6273277509712318E-5
8	5.790622685015551E-6
3	2.1372423564501193E-5
3	0
2	0
24	1.3700171888837236E-5
12	2.067790060169904E-6
1	0
34	1.1037913675909768E-4
6	1.2350278067344094E-9
9	7.556322701403393E-6
24	5.395328074092093E-4
18	3.213212393157336E-5
3	2.4951247067005894E-7
1	0
13	7.423619317249022E-6
5	2.267391881810761E-6
4	6.492776369798111E-8
2	0
4	1.2350278067344094E-9
3	0
2	0
74	2.5801535629282283E-4
1	0
6	1.1029666896246352E-4
5	1.2350278067344094E-9
10	3.8935727715154174E-5
2	0
6	0
5	1.1003342069458555E-5
4	0
8	3.3128492773741706E-7
11	9.59202852501039E-7
9	1.3020570294791725E-5
30	1.684884219893171E-5
6	2.567136005609689E-6
6	1.1764030783528453E-5
7	7.482280783640147E-5
65	7.10337567112083E-4
1	0
3	0
14	1.0565803126021485E-4
58	1.8190661776010375E-4
16	1.5962205243477695E-4
2	1.1903501710156755E-5
2	1.1634723913055135E-5
10	5.55447751404554E-7
1	0
9	5.6359524184406264E-6
8	6.017550920204942E-5
19	5.450379741758629E-5
15	1.459611635877271E-5
1	0
10	5.947238367491071E-6
11	2.9198886461775194E-6
6	9.745002772894623E-7
14	1.086843316961057E-4
4	0
5	6.28472563025256E-5
6	9.858789440817615E-5
2	0
5	1.2190478194943055E-5
7	9.522347994638762E-5
12	2.444090262019178E-5
10	7.769492921907777E-6
4	5.1657020125365686E-5
3	0
2	0
1	0
5	2.125747484617935E-5
64	0.001238052365145876
4	1.8053891883622506E-6
3	0
1	0
1	0
5	0
2	0
7	3.622996502972244E-5
1	0
4	3.386461892959795E-7
2	0
2	1.730924468064409E-8
1	0
1	0
29	9.973099884573056E-5
1	0
4	0
2	0
1	0
5	1.1988821169199447E-6
3	5.971435034751152E-6
1	0
1	0
16	1.1690279425233897E-5
17	1.450199833700928E-4
12	9.808684149999816E-8
6	3.886129444003566E-6
1	0
2	0
10	2.80727327175223E-5
12	8.605363500513404E-7
5	1.0670863497566775E-6
10	3.219581257443481E-6
22	3.322681718228152E-4
1	0
24	1.5194054980669384E-4
88	0.0018337082278462428
1	0
13	7.42758948842001E-5
64	5.727139484210552E-4
2	0
6	5.679602553866982E-5
11	1.6552446038218153E-6
54	4.673452451698426E-4
7	0
14	1.8077477333115685E-6
63	7.593035800422371E-4
12	2.4603949466464355E-6
9	3.147084989886585E-5
7	0
1	0
3	1.8205208188506832E-5
5	0
3	2.5275929443365506E-7
6	4.084359064001975E-6
5	1.2985626308722245E-7
12	1.172234931053443E-6
2	0
3	3.2310590070535635E-7
5	0
5	0
9	0
4	2.335703787876678E-7
5	2.655444587495289E-8
4	9.007585717671829E-7
10	2.0082729550006315E-5
6	3.3307465949254546E-6
2	0
5	5.207600443812814E-5
7	1.6406579350214282E-5
2	0
6	2.40379550954316E-7
8	8.313194444012624E-7
5	1.9140152747767575E-6
11	1.9252454719802547E-5
3	1.5408186611017795E-7
3	0
20	1.7677042967442907E-4
1	0
4	2.3990613127372704E-5
2	0
1	0
10	7.508502381651128E-5
12	6.138198801896841E-5
11	1.6992437973617483E-4
2	0
7	3.518805256402663E-5
14	0
15	6.331815278970596E-7
1	0
37	1.428023077227435E-4
6	2.829165121362508E-5
4	3.0002685682513572E-6
6	0
2	0
54	0.0011825954230148957
1	0
2	6.623670964459804E-6
2	6.482266011315092E-7
2	0
3	0
8	2.8071497689715563E-5
3	2.2717917619410758E-7
24	0
8	0
20	6.895378755342762E-6
15	5.344099338100174E-7
8	3.334849008865168E-5
8	7.634181708204808E-6
4	0
37	4.817856042854758E-4
12	6.131652853733688E-5
20	3.967852717871495E-5
6	2.763598215429364E-6
16	1.8151223426588777E-4
7	0
22	6.214157760824648E-5
13	1.2449304139560636E-4
7	0
4	0
13	0
1	0
4	6.260176826166279E-7
1	0
8	2.528415797048892E-6
14	1.4474073598110664E-5
2	0
5	0
22	3.8156293706053995E-4
4	0
5	1.1402198102910994E-6
33	1.433626209632875E-4
4	9.816495752936396E-6
3	0
21	3.1459655134961076E-5
3	0
6	1.9657715544804325E-7
8	8.856474174778714E-7
5	6.829334240965917E-7
23	0
16	1.3133278045315883E-5
9	2.7547947352029993E-5
3	0
9	9.159087744270506E-7
5	2.9246251615247268E-6
15	2.140192115614617E-5
6	1.5673914672640402E-6
3	2.727377317563185E-7
3	0
8	1.3602571343492506E-4
2	0
6	0
3	0
14	8.699554276766477E-5
9	4.135591598910213E-5
4	0
5	7.768794469639109E-7
6	0
2	0
8	1.478679529699031E-4
10	2.465851356444053E-4
4	0
5	1.754871541253628E-7
4	2.8723380241113665E-7
4	1.421665963103568E-5
52	0.001062814069284144
1	0
1	0
1	0
2	4.1854312790410404E-5
5	5.237643761771731E-6
38	5.631102384398865E-4
7	5.4511702183493046E-5
12	4.2218755615446564E-5
7	5.55225910592954E-6
20	7.155815560819821E-5
7	3.0562130093154236E-8
15	4.1866304847115245E-6
6	3.707513476474328E-5
11	9.306305847306695E-8
4	1.4584641351283447E-8
13	4.53397288616008E-6
6	6.148585529082162E-6
27	1.2657505180580503E-4
61	4.4533482894401177E-4
26	1.3590784781095764E-4
18	9.954956207354975E-5
69	2.695036973092556E-4
15	2.233378198130444E-6
29	2.2898980420198338E-4
22	3.725461137812372E-5
5	0
5	1.7322094224124333E-5
8	2.1280266298734436E-6
1	0
3	0
9	7.4015107731634E-6
1	0
13	5.189101116086836E-5
23	7.925831917059285E-5
11	4.947437124130656E-6
18	1.7272882444243356E-5
9	5.976881347763544E-5
8	8.432926552623393E-6
12	6.893646565245169E-5
1	0
1	0
50	3.3708721340592706E-4
4	9.52599423552262E-9
2	0
139	0.0042321589793844335
11	2.5474600255466745E-4
4	0
5	0
3	3.3926119574062417E-6
10	6.4575158368122435E-6
6	5.5232933102450215E-5
9	4.113178516981778E-6
25	9.388811569411913E-5
8	6.266442885833191E-6
3	8.27829861522826E-7
8	0
21	1.516314130552186E-4
1	0
4	4.840818762353464E-7
5	7.642095634817994E-6
10	3.894861439533818E-5
5	0
22	1.4042094498777324E-5
21	4.259165283038001E-4
2	0
11	1.1902248116770006E-5
18	3.0099727853374425E-5
3	2.182027141315346E-6
5	0
3	0
1	0
8	8.346826990948082E-6
1	0
11	3.4377197581757674E-6
17	2.5819524337657943E-5
1	0
4	0
4	0
1	0
7	1.5610328526454275E-4
2	0
4	4.916115020402038E-5
7	0
19	2.2628104765007594E-4
2	0
1	0
2	0
5	1.9327478915177776E-4
26	1.9916040986755982E-5
9	1.8380169055805587E-4
1	0
22	1.7082013608433512E-4
1	0
1	0
55	4.811718984291999E-4
21	1.2307261297573937E-4
3	8.073700986808432E-6
5	0
58	4.6396981052958583E-4
10	1.0888659026237803E-5
3	0
12	7.197393635121232E-5
10	4.289450527978736E-6
12	2.272874745405508E-5
16	8.515450095389716E-5
1	0
2	0
1	0
5	4.212799487134184E-6
34	4.458143486356926E-5
12	5.85401522866247E-5
54	5.232522271304327E-4
17	3.4546769825043763E-4
19	0
26	6.934294286475116E-5
31	3.872915071681228E-5
137	0.00344413450965363
18	0
5	9.880975717304654E-7
4	3.1939018284724474E-4
2	0
3	8.077647517633909E-8
31	6.153629144325539E-4
28	5.921886988517392E-4
50	1.0822767098577908E-4
48	2.4311795928771037E-5
3	6.305870699447166E-6
13	4.512860104905271E-5
11	5.9436990936854774E-5
2	0
9	1.1149448352233659E-5
6	1.2139896454251998E-4
2	0
18	1.3966680262129065E-4
3	0
43	2.720643442473314E-4
5	0
6	4.373548733999172E-5
5	0
7	6.369785976068814E-5
19	3.84920495151624E-4
1	0
1	0
2	0
1	0
13	1.742377786103373E-4
5	0
1	0
1	0
1	0
5	0
2	0
1	0
1	0
23	2.7248514124903997E-5
1	0
18	3.4529927576954625E-5
21	1.1297767943494076E-4
4	2.492228585514582E-7
66	0
23	2.858191351798269E-6
27	2.8638262466934172E-5
7	1.0882892660703353E-5
2	0
37	1.5778580010723366E-4
2	5.567789020842005E-5
1	0
8	2.094335997952783E-6
20	9.242071250026528E-5
11	2.5202878997737644E-4
11	1.6138883337092983E-5
3	1.7708456881013015E-6
4	0
16	3.1254131007369465E-6
7	1.527304859877936E-5
10	4.246908403365563E-6
3	9.399333077003772E-6
37	0.0015371712049727414
5	1.2925154547923233E-4
1	0
2	0
20	2.7650755384575723E-4
2	2.4553109611379307E-6
1	0
27	2.492087773489423E-4
1	0
2	0
18	9.80414924924196E-5
14	2.1965064402571118E-4
20	1.622935472796239E-4
1	0
1	0
7	0
3	0
61	2.4805540042919063E-4
6	0
14	1.5832094925397787E-4
1	0
11	5.8782039444759634E-5
5	0
4	0
5	0
5	0
1	0
17	1.3835907954530386E-4
18	0
25	5.99144440835911E-5
3	0
3	0
4	6.202042303442686E-6
3	2.8007860658936376E-6
1	0
6	8.896886761762995E-6
5	9.136222500707942E-6
1	0
2	2.669056932881988E-6
1	0
6	5.9357428785625774E-5
4	4.069262571193003E-7
13	1.3709084483638483E-4
3	7.354212804747465E-8
9	3.278379972386308E-5
4	4.56134057541189E-5
15	1.4441771319552053E-4
1	0
1	0
13	3.840377628477289E-5
3	0
18	2.3905713551637003E-4
1	0
2	0
1	0
2	0
5	5.0157802428624524E-5
1	0
5	4.821603118147146E-8
2	0
1	0
1	0
1	0
2	0
3	4.821603118147146E-8
20	7.89125741179375E-5
7	0
3	0
89	6.485878274041607E-4
31	9.31312290719382E-5
17	8.354079939555241E-6
2	0
134	0.0014715589732097532
6	2.2011120775711534E-5
1	0
5	1.6427969001381229E-6
4	3.170332745256561E-5
4	1.1870776902129701E-6
3	6.985591523481859E-7
1	0
5	0
2	4.403804044381041E-8
7	2.807248520526115E-6
1	0
42	7.242297479332366E-5
5	0
1	0
10	8.127169397113062E-6
33	3.4384811177801957E-4
1	0
8	0
7	6.186678568909147E-5
6	9.634782678940293E-6
0	0
0	0
0	0
0	0
0	0
0	0
0	0
0	0
0	0
0	0
0	0
0	0
0	0
0	0
0	0
0	0
0	0
0	0
0	0
0	0
0	0
0	0
0	0
0	0
0	0
0	0
0	0
0	0
0	0
0	0
0	0
0	0
0	0
0	0
0	0
0	0
0	0
0	0
0	0
0	0
0	0
0	0
0	0
0	0
0	0
0	0
0	0
0	0
0	0
0	0
0	0
0	0
0	0
0	0
0	0
0	0
0	0
0	0
0	0
0	0
0	0
0	0
0	0
0	0
0	0
0	0
0	0
0	0
0	0
0	0
0	0
0	0
0	0
0	0
0	0
0	0
0	0
0	0
0	0
0	0
0	0
0	0
0	0
0	0
0	0
0	0
0	0
0	0
0	0
0	0
0	0
0	0
0	0
0	0
0	0
0	0
0	0
0	0
0	0
0	0
0	0
0	0
0	0
0	0
0	0
0	0
0	0
0	0
0	0
0	0
0	0
0	0
0	0
0	0
0	0
0	0
0	0
0	0
0	0
0	0
0	0
0	0
0	0
0	0
0	0
0	0
0	0
0	0
0	0
0	0
0	0
0	0
0	0
0	0
0	0
0	0
0	0
0	0
0	0
0	0
0	0
0	0
0	0
0	0
0	0
0	0
0	0
0	0
0	0
0	0
0	0
0	0
0	0
0	0
0	0
0	0
0	0
0	0
0	0
0	0
0	0
0	0
0	0
0	0
0	0
0	0
0	0
0	0
1	0
1	0
0	0
0	0
0	0
0	0
0	0
0	0
0	0
0	0
0	0
0	0
0	0
0	0
0	0
0	0
0	0
0	0
0	0
0	0
0	0
0	0
0	0
0	0
0	0
0	0
0	0
0	0
0	0
0	0
0	0
0	0
0	0
0	0
0	0
0	0
0	0
0	0
0	0
0	0
0	0
0	0
0	0
0	0
0	0
0	0
0	0
0	0
0	0
0	0
0	0
0	0
0	0
0	0
0	0
0	0
0	0
0	0
0	0
0	0
0	0
0	0
0	0
0	0
0	0
0	0
0	0
0	0
0	0
0	0
0	0
0	0
0	0
0	0
0	0
1	0
1	0
0	0
0	0
0	0
0	0
0	0
0	0
0	0
0	0
0	0
0	0
0	0
0	0
0	0
0	0
0	0
0	0
0	0
0	0
0	0
0	0
0	0
0	0
0	0
0	0
0	0
0	0
0	0
0	0
0	0
0	0
0	0
0	0
0	0
0	0
0	0
0	0
0	0
0	0
0	0
0	0
0	0
0	0
0	0
0	0
0	0
0	0
0	0
0	0
0	0
0	0
0	0
0	0
0	0
0	0
0	0
0	0
0	0
0	0
0	0
0	0
0	0
0	0
0	0
0	0
0	0
0	0
0	0
0	0
0	0
0	0
0	0
0	0
0	0
0	0
0	0
0	0
1	0
1	0
0	0
0	0
1	0
1	0
0	0
0	0
0	0
0	0
0	0
0	0
0	0
0	0
0	0
0	0
0	0
0	0
0	0
0	0
0	0
0	0
0	0
0	0
0	0
0	0
0	0
0	0
0	0
0	0
0	0
0	0
0	0
0	0
0	0
0	0
0	0
0	0
0	0
0	0
0	0
0	0
0	0
0	0
0	0
0	0
0	0
0	0
0	0
0	0
0	0
0	0
0	0
