0	509
1	1052
2	422
3	272
4	207
5	159
6	107
7	100
8	79
9	74
10	72
11	50
12	51
13	45
14	49
15	32
16	31
17	36
18	21
19	22
20	25
21	21
22	19
23	19
24	15
25	15
26	12
27	15
28	16
29	14
30	12
31	11
32	8
33	10
34	11
35	10
36	5
37	10
38	7
39	10
40	9
41	6
42	8
43	5
44	7
45	8
46	5
47	2
48	5
49	3
50	2
51	2
52	4
53	4
54	8
55	1
56	2
57	3
58	4
59	4
60	5
61	4
62	0
63	4
64	2
65	4
66	1
67	1
68	4
69	1
70	3
71	5
72	3
73	2
74	3
75	3
76	2
77	3
78	1
79	2
80	1
81	3
82	2
83	4
84	4
85	2
86	1
87	1
88	3
89	4
90	1
91	3
92	1
93	2
94	7
95	0
96	2
97	0
98	2
99	4
100	3
101	1
102	1
103	2
104	4
105	3
106	0
107	7
108	1
109	1
110	1
111	1
112	0
113	0
114	0
115	0
116	0
117	0
118	3
119	2
120	1
121	0
122	0
123	1
124	1
125	3
126	0
127	1
128	0
129	0
130	2
131	0
132	2
133	1
134	0
135	1
136	1
137	1
138	1
139	3
140	2
141	2
142	0
143	2
144	0
145	0
146	0
147	1
148	1
149	1
150	0
151	1
152	0
153	0
154	0
155	0
156	1
157	0
158	0
159	2
160	0
161	0
162	1
163	0
164	0
165	0
166	0
167	0
168	0
169	0
170	0
171	0
172	0
173	0
174	0
175	0
176	1
177	0
178	0
179	0
180	0
181	1
182	0
183	0
184	0
185	0
186	0
187	0
188	0
189	1
190	0
191	1
192	0
193	0
194	0
195	0
196	0
197	0
198	0
199	0
200	0
201	0
202	0
203	0
204	0
205	1
206	1
207	0
208	0
209	0
210	0
211	0
212	0
213	0
214	1
215	0
216	0
217	0
218	0
219	1
220	0
221	0
222	0
223	0
224	0
225	0
226	0
227	0
228	0
229	0
230	0
231	0
232	0
233	0
234	0
235	1
236	0
237	0
238	0
239	0
240	0
241	0
242	0
243	0
244	0
245	0
246	0
247	0
248	0
249	0
250	0
251	0
252	0
253	0
254	0
255	0
256	0
257	0
258	0
259	0
260	0
261	0
262	0
263	0
264	0
265	0
266	0
267	0
268	0
269	0
270	1
271	0
272	0
273	0
274	0
275	0
276	0
277	0
278	0
279	0
280	0
281	1
282	0
283	0
284	0
285	0
286	0
287	0
288	1
